Team                Matches Played Wins    Draws   Losses  Goals Scored   Passes         Interceptions  Shots On TargetOff Target     Points    
--------------------------------------------------------------------------------------------------------------------------------------------
Simulation 1 Statistics:
Ireland             15             8       6       1       24             1939           920            434            167            30        
Tunisia             15             8       5       2       25             2415           699            473            193            29        
Australia           15             9       0       6       19             1882           932            420            186            27        
Romania             15             8       2       5       18             1989           888            460            186            26        
Lithuania           15             6       5       4       20             2309           728            445            180            23        
Germany             15             7       2       6       19             2009           839            483            175            23        
Paraguay            15             6       4       5       15             1705           969            400            188            22        
Bulgaria            15             5       6       4       18             2191           751            445            219            21        
Nigeria             15             4       5       6       17             1944           920            449            158            17        
Costa Rica          15             4       5       6       20             2159           796            500            166            17        
Saudi Arabia        15             4       5       6       14             2206           783            461            155            17        
Canada              15             4       4       7       19             1998           913            418            198            16        
Slovakia            15             4       3       8       14             1764           895            403            192            15        
Japan               15             3       6       6       14             2085           792            446            170            15        
Greece              15             3       5       7       17             2140           827            450            202            14        
Luxembourg          15             2       7       6       10             1996           814            420            226            13        

Simulation 2 Statistics:
Australia           15             9       3       3       22             1881           864            437            185            30        
Bulgaria            15             7       5       3       16             2250           799            459            214            26        
Ireland             15             7       5       3       23             1844           924            474            188            26        
Romania             15             7       3       5       14             1914           844            466            154            24        
Costa Rica          15             5       8       2       21             2190           790            449            168            23        
Germany             15             6       5       4       19             1941           874            472            174            23        
Slovakia            15             6       4       5       17             1897           877            417            181            22        
Tunisia             15             6       4       5       19             2320           709            492            188            22        
Saudi Arabia        15             4       7       4       16             2150           773            506            157            19        
Japan               15             5       4       6       9              2156           793            425            217            19        
Nigeria             15             5       3       7       15             1903           858            440            183            18        
Luxembourg          15             5       3       7       17             2094           867            405            187            18        
Lithuania           15             4       5       6       22             2266           690            501            172            17        
Paraguay            15             3       5       7       12             1781           935            450            190            14        
Greece              15             3       5       7       13             2075           862            424            203            14        
Canada              15             1       5       9       14             1933           804            435            192            8         

Simulation 3 Statistics:
Costa Rica          15             8       5       2       25             2190           773            469            165            29        
Ireland             15             8       2       5       20             2045           895            483            152            26        
Lithuania           15             7       4       4       18             2255           753            500            179            25        
Bulgaria            15             6       6       3       21             2184           771            429            214            24        
Luxembourg          15             5       7       3       18             2003           818            429            206            22        
Tunisia             15             5       6       4       12             2333           724            475            197            21        
Saudi Arabia        15             5       5       5       16             2336           810            467            176            20        
Japan               15             5       5       5       18             2082           762            459            210            20        
Germany             15             5       5       5       14             2138           831            455            173            20        
Slovakia            15             6       1       8       15             1925           889            431            199            19        
Australia           15             5       4       6       11             1842           908            433            188            19        
Canada              15             4       6       5       18             2016           912            420            170            18        
Greece              15             4       5       6       11             2018           822            401            221            17        
Paraguay            15             2       8       5       14             1765           932            410            195            14        
Nigeria             15             2       8       5       16             1997           899            438            156            14        
Romania             15             3       3       9       16             2043           880            462            161            12        

Simulation 4 Statistics:
Ireland             15             9       1       5       20             1924           996            448            168            28        
Tunisia             15             7       5       3       21             2404           760            460            186            26        
Japan               15             8       2       5       22             2202           803            444            221            26        
Lithuania           15             6       6       3       15             2300           728            491            178            24        
Saudi Arabia        15             6       5       4       23             2172           790            481            165            23        
Canada              15             6       5       4       17             1880           824            438            204            23        
Paraguay            15             6       4       5       20             1758           943            381            202            22        
Nigeria             15             6       4       5       15             1861           843            466            172            22        
Australia           15             6       4       5       14             1828           871            432            216            22        
Germany             15             5       6       4       17             1940           866            479            157            21        
Romania             15             6       2       7       22             2021           910            455            156            20        
Slovakia            15             5       4       6       13             1900           874            455            185            19        
Costa Rica          15             5       4       6       15             2158           765            500            133            19        
Greece              15             3       4       8       16             2081           860            425            171            13        
Luxembourg          15             3       2       10      11             2021           801            415            209            11        
Bulgaria            15             0       8       7       7              2198           755            472            202            8         

Simulation 5 Statistics:
Tunisia             15             10      3       2       20             2433           716            520            153            33        
Australia           15             8       4       3       10             1854           919            397            185            28        
Germany             15             8       3       4       18             2063           829            485            147            27        
Luxembourg          15             8       3       4       18             2069           847            465            222            27        
Costa Rica          15             7       5       3       22             2133           753            491            183            26        
Japan               15             5       7       3       22             2129           800            480            215            22        
Canada              15             5       5       5       17             1992           824            425            193            20        
Bulgaria            15             5       4       6       18             2108           849            424            210            19        
Greece              15             5       4       6       17             2070           848            399            205            19        
Lithuania           15             5       3       7       13             2318           704            502            194            18        
Romania             15             4       6       5       13             1902           892            442            153            18        
Saudi Arabia        15             5       2       8       16             2080           776            489            161            17        
Slovakia            15             4       3       8       16             1826           916            414            198            15        
Ireland             15             3       5       7       12             1818           900            477            188            14        
Paraguay            15             3       4       8       10             1737           975            388            203            13        
Nigeria             15             3       3       9       9              1934           864            441            170            12        

Simulation 6 Statistics:
Romania             15             9       3       3       25             1969           831            451            171            30        
Slovakia            15             9       2       4       24             1882           890            425            185            29        
Tunisia             15             8       3       4       35             2441           714            501            169            27        
Germany             15             7       5       3       19             2059           769            494            163            26        
Nigeria             15             7       3       5       18             1823           845            470            179            24        
Saudi Arabia        15             6       4       5       19             2118           793            487            169            22        
Luxembourg          15             6       4       5       21             2128           838            422            183            22        
Costa Rica          15             5       6       4       25             2209           786            468            178            21        
Canada              15             5       5       5       13             2085           879            425            162            20        
Ireland             15             4       7       4       16             1806           905            437            184            19        
Australia           15             5       4       6       15             1913           906            417            207            19        
Japan               15             5       4       6       14             2102           800            437            221            19        
Bulgaria            15             4       6       5       11             2172           753            439            194            18        
Lithuania           15             4       3       8       20             2240           753            485            174            15        
Paraguay            15             2       3       10      11             1771           919            363            186            9         
Greece              15             2       2       11      6              2084           801            422            193            8         

Simulation 7 Statistics:
Luxembourg          15             8       6       1       23             2032           778            448            225            30        
Tunisia             15             9       2       4       25             2358           689            465            174            29        
Bulgaria            15             7       6       2       19             2168           767            444            200            27        
Saudi Arabia        15             8       2       5       27             2196           751            505            173            26        
Nigeria             15             6       5       4       19             1998           874            454            195            23        
Costa Rica          15             7       2       6       22             2239           795            472            171            23        
Ireland             15             5       5       5       18             1909           847            456            150            20        
Greece              15             6       2       7       16             2031           830            419            185            20        
Slovakia            15             2       12      1       16             1866           956            412            192            18        
Lithuania           15             4       5       6       14             2299           733            452            209            17        
Australia           15             4       4       7       13             1837           902            417            184            16        
Germany             15             4       4       7       14             1930           839            441            172            16        
Canada              15             3       6       6       10             1993           829            422            187            15        
Romania             15             3       5       7       12             1893           847            476            134            14        
Paraguay            15             3       5       7       15             1741           937            361            189            14        
Japan               15             3       5       7       13             2099           771            443            194            14        

Simulation 8 Statistics:
Romania             15             10      3       2       26             1917           843            486            165            33        
Germany             15             8       4       3       21             2059           867            430            212            28        
Lithuania           15             6       5       4       17             2148           738            482            158            23        
Nigeria             15             6       5       4       12             1942           870            414            161            23        
Slovakia            15             5       6       4       18             1896           957            432            167            21        
Tunisia             15             5       6       4       16             2230           711            484            164            21        
Saudi Arabia        15             6       3       6       17             2239           776            449            171            21        
Japan               15             5       6       4       14             2183           779            482            199            21        
Ireland             15             4       8       3       12             1871           891            430            176            20        
Greece              15             6       2       7       17             2137           825            436            216            20        
Costa Rica          15             5       5       5       16             2133           770            420            161            20        
Bulgaria            15             4       6       5       19             2187           810            474            185            18        
Paraguay            15             4       5       6       17             1712           966            386            198            17        
Luxembourg          15             3       7       5       10             1926           865            443            216            16        
Australia           15             3       2       10      11             1911           876            440            197            11        
Canada              15             3       1       11      7              2046           878            433            198            10        

Simulation 9 Statistics:
Bulgaria            15             9       1       5       16             2174           797            441            187            28        
Romania             15             8       3       4       24             2094           847            458            172            27        
Saudi Arabia        15             7       4       4       26             2183           772            479            171            25        
Germany             15             6       7       2       18             2119           827            478            191            25        
Canada              15             8       1       6       17             1975           884            428            185            25        
Lithuania           15             6       4       5       20             2261           682            488            214            22        
Australia           15             6       3       6       20             1920           895            397            148            21        
Greece              15             5       6       4       21             1915           804            439            196            21        
Japan               15             5       6       4       16             2099           818            409            193            21        
Ireland             15             6       2       7       20             1907           875            449            184            20        
Nigeria             15             5       4       6       15             1921           830            431            182            19        
Tunisia             15             5       3       7       15             2442           723            505            159            18        
Paraguay            15             3       7       5       15             1814           970            376            215            16        
Luxembourg          15             4       4       7       18             2093           879            407            199            16        
Slovakia            15             2       7       6       14             1898           929            399            187            13        
Costa Rica          15             2       4       9       11             2102           755            457            162            10        

Simulation 10 Statistics:
Australia           15             9       2       4       23             1792           903            449            193            29        
Slovakia            15             8       4       3       18             1868           915            403            193            28        
Lithuania           15             7       4       4       22             2306           730            455            167            25        
Ireland             15             6       7       2       19             1961           866            444            167            25        
Japan               15             7       4       4       21             2139           805            416            188            25        
Nigeria             15             6       4       5       14             1860           793            470            171            22        
Bulgaria            15             6       3       6       18             2158           722            453            198            21        
Tunisia             15             5       6       4       16             2303           720            509            179            21        
Germany             15             5       4       6       19             2049           816            440            173            19        
Canada              15             4       7       4       16             2018           864            449            204            19        
Greece              15             4       6       5       12             2083           795            459            205            18        
Saudi Arabia        15             4       5       6       15             2087           786            427            173            17        
Costa Rica          15             4       3       8       15             2203           793            488            173            15        
Romania             15             2       7       6       11             1965           852            459            154            13        
Paraguay            15             2       7       6       15             1725           949            370            234            13        
Luxembourg          15             2       5       8       8              2133           790            446            190            11        

Simulation 11 Statistics:
Lithuania           15             11      0       4       24             2274           753            495            180            33        
Saudi Arabia        15             9       2       4       26             2136           813            476            187            29        
Slovakia            15             7       5       3       21             1897           944            395            183            26        
Tunisia             15             8       2       5       22             2320           713            463            184            26        
Japan               15             6       5       4       18             2256           800            470            193            23        
Canada              15             6       5       4       17             1943           898            442            187            23        
Ireland             15             6       3       6       19             1857           904            434            175            21        
Luxembourg          15             6       3       6       18             2060           841            410            195            21        
Bulgaria            15             5       5       5       14             2084           806            438            220            20        
Nigeria             15             5       5       5       15             1933           836            433            189            20        
Germany             15             5       3       7       13             2127           836            448            162            18        
Costa Rica          15             4       4       7       12             2141           784            494            190            16        
Romania             15             2       8       5       13             1995           861            446            161            14        
Paraguay            15             3       5       7       11             1790           995            384            205            14        
Australia           15             1       8       6       11             1856           853            448            193            11        
Greece              15             2       5       8       13             2029           818            432            206            11        

Simulation 12 Statistics:
Romania             15             9       5       1       22             1932           865            457            163            32        
Tunisia             15             8       3       4       24             2447           719            518            155            27        
Germany             15             7       5       3       19             2046           866            456            161            26        
Slovakia            15             7       3       5       16             1822           891            410            175            24        
Nigeria             15             7       3       5       17             1913           898            441            163            24        
Bulgaria            15             5       6       4       24             2177           770            488            198            21        
Australia           15             6       2       7       21             1898           886            479            184            20        
Luxembourg          15             4       7       4       19             2071           843            448            199            19        
Ireland             15             4       6       5       20             1841           861            460            165            18        
Costa Rica          15             4       6       5       18             2158           762            503            162            18        
Saudi Arabia        15             4       6       5       20             2141           783            468            163            18        
Canada              15             5       3       7       15             1930           859            414            201            18        
Lithuania           15             4       4       7       19             2288           735            490            160            16        
Paraguay            15             4       4       7       12             1725           993            364            205            16        
Greece              15             4       4       7       12             2162           882            410            207            16        
Japan               15             3       3       9       15             1976           762            446            203            12        

Simulation 13 Statistics:
Bulgaria            15             9       4       2       19             2289           783            462            181            31        
Lithuania           15             6       6       3       22             2264           751            449            174            24        
Australia           15             7       3       5       19             1952           832            424            194            24        
Tunisia             15             6       6       3       13             2373           711            497            173            24        
Germany             15             6       6       3       12             2045           831            516            165            24        
Nigeria             15             6       4       5       18             1847           895            406            188            22        
Saudi Arabia        15             6       4       5       21             2176           768            445            175            22        
Canada              15             6       4       5       16             1874           842            445            194            22        
Slovakia            15             4       8       3       16             1843           863            450            199            20        
Costa Rica          15             6       2       7       16             2150           803            482            157            20        
Japan               15             4       7       4       14             2169           830            445            190            19        
Ireland             15             4       5       6       14             1923           865            433            168            17        
Romania             15             4       4       7       13             2039           885            473            164            16        
Greece              15             5       1       9       15             1973           794            424            209            16        
Luxembourg          15             4       3       8       17             2175           850            429            187            15        
Paraguay            15             1       5       9       7              1739           948            393            203            8         

Simulation 14 Statistics:
Bulgaria            15             10      3       2       25             2236           773            451            182            33        
Ireland             15             8       4       3       15             1797           890            414            174            28        
Romania             15             8       2       5       23             1893           857            453            191            26        
Germany             15             7       5       3       20             2071           839            428            189            26        
Nigeria             15             6       6       3       18             2094           837            465            177            24        
Saudi Arabia        15             6       6       3       19             2200           740            498            155            24        
Australia           15             5       6       4       17             1755           894            467            175            21        
Lithuania           15             5       4       6       19             2343           679            495            187            19        
Canada              15             5       4       6       15             2052           876            438            197            19        
Tunisia             15             4       6       5       14             2374           735            478            176            18        
Greece              15             4       6       5       11             2123           814            433            197            18        
Slovakia            15             5       2       8       15             1900           880            504            194            17        
Paraguay            15             5       2       8       14             1770           943            386            209            17        
Costa Rica          15             4       4       7       13             2124           795            472            163            16        
Japan               15             4       4       7       11             2197           791            458            192            16        
Luxembourg          15             1       2       12      6              1996           807            441            199            5         

Simulation 15 Statistics:
Australia           15             7       8       0       19             1858           917            393            197            29        
Nigeria             15             7       6       2       20             1977           878            407            172            27        
Costa Rica          15             8       3       4       22             2161           822            470            169            27        
Canada              15             8       3       4       21             1901           896            415            173            27        
Saudi Arabia        15             7       5       3       20             2005           771            472            181            26        
Greece              15             6       5       4       15             1954           812            449            197            23        
Lithuania           15             6       4       5       18             2221           755            490            174            22        
Romania             15             5       4       6       13             2054           881            461            158            19        
Slovakia            15             4       7       4       19             1923           853            407            202            19        
Germany             15             4       6       5       23             2131           841            477            192            18        
Ireland             15             3       7       5       10             1965           891            426            169            16        
Japan               15             2       8       5       11             2240           795            457            200            14        
Luxembourg          15             3       5       7       13             2074           807            402            242            14        
Bulgaria            15             3       3       9       17             2196           735            485            202            12        
Paraguay            15             2       6       7       6              1736           903            403            195            12        
Tunisia             15             1       8       6       12             2340           677            524            174            11        

Simulation 16 Statistics:
Lithuania           15             11      2       2       20             2234           741            524            174            35        
Romania             15             8       2       5       18             2003           870            442            154            26        
Ireland             15             6       6       3       14             1830           875            411            146            24        
Bulgaria            15             6       5       4       23             2153           746            471            173            23        
Costa Rica          15             5       8       2       13             2182           794            467            151            23        
Japan               15             5       8       2       19             2089           729            476            209            23        
Germany             15             6       4       5       20             2010           811            465            158            22        
Tunisia             15             4       8       3       17             2338           669            486            183            20        
Saudi Arabia        15             5       5       5       17             2147           773            478            182            20        
Canada              15             4       7       4       13             2069           821            427            190            19        
Paraguay            15             5       3       7       19             1737           917            387            207            18        
Australia           15             4       3       8       17             1813           874            402            191            15        
Slovakia            15             2       8       5       14             1916           885            432            179            14        
Luxembourg          15             3       5       7       12             2005           804            409            198            14        
Nigeria             15             2       6       7       12             1978           836            430            175            12        
Greece              15             3       2       10      9              1934           812            416            195            11        

Simulation 17 Statistics:
Germany             15             10      2       3       26             1971           807            467            180            32        
Romania             15             8       4       3       29             2012           882            470            193            28        
Costa Rica          15             8       3       4       26             2169           819            497            168            27        
Australia           15             7       5       3       19             1861           910            479            179            26        
Nigeria             15             7       4       4       18             1892           848            421            219            25        
Japan               15             7       4       4       19             2201           796            482            225            25        
Tunisia             15             6       6       3       26             2408           736            503            204            24        
Saudi Arabia        15             6       6       3       14             2079           790            469            161            24        
Canada              15             5       5       5       18             1958           939            411            173            20        
Lithuania           15             5       4       6       10             2341           723            516            182            19        
Ireland             15             5       4       6       20             1798           886            445            172            19        
Bulgaria            15             5       2       8       18             2272           813            425            190            17        
Slovakia            15             4       4       7       17             1742           922            443            177            16        
Greece              15             4       2       9       13             1984           868            410            188            14        
Paraguay            15             2       5       8       13             1864           927            389            203            11        
Luxembourg          15             0       2       13      10             1958           884            408            227            2         

Simulation 18 Statistics:
Lithuania           15             9       2       4       22             2369           716            456            184            29        
Greece              15             9       1       5       17             2109           859            399            207            28        
Costa Rica          15             8       4       3       24             2179           771            464            182            28        
Tunisia             15             8       3       4       18             2437           693            482            160            27        
Ireland             15             8       1       6       15             1996           870            441            168            25        
Saudi Arabia        15             7       3       5       22             2207           748            479            165            24        
Bulgaria            15             6       5       4       21             2311           835            452            186            23        
Japan               15             5       6       4       15             2052           781            465            200            21        
Paraguay            15             6       2       7       11             1681           985            383            204            20        
Australia           15             5       4       6       13             1872           876            442            177            19        
Germany             15             5       4       6       17             2090           828            456            153            19        
Nigeria             15             4       4       7       15             1971           877            428            152            16        
Romania             15             4       3       8       14             1970           820            473            160            15        
Luxembourg          15             3       5       7       15             1999           850            414            189            14        
Canada              15             3       4       8       12             2004           852            443            178            13        
Slovakia            15             3       3       9       13             1931           879            421            196            12        

Simulation 19 Statistics:
Lithuania           15             10      2       3       24             2338           731            483            196            32        
Romania             15             9       2       4       22             2057           881            466            161            29        
Paraguay            15             6       6       3       16             1814           983            371            202            24        
Nigeria             15             7       3       5       22             2016           883            438            183            24        
Canada              15             7       3       5       18             1850           858            415            178            24        
Bulgaria            15             6       5       4       22             2056           797            456            194            23        
Australia           15             6       5       4       14             1898           945            424            171            23        
Tunisia             15             6       3       6       20             2438           677            486            167            21        
Slovakia            15             6       2       7       21             1846           916            421            222            20        
Germany             15             6       2       7       22             2035           815            420            181            20        
Saudi Arabia        15             4       7       4       15             2185           778            421            166            19        
Greece              15             5       3       7       16             2067           800            424            207            18        
Costa Rica          15             5       3       7       11             2164           760            501            153            18        
Ireland             15             5       2       8       11             1852           919            399            180            17        
Luxembourg          15             3       3       9       15             2114           848            461            186            12        
Japan               15             1       5       9       8              2124           803            440            176            8         

Simulation 20 Statistics:
Romania             15             7       5       3       21             2082           876            435            181            26        
Ireland             15             6       5       4       18             2015           891            454            187            23        
Paraguay            15             7       2       6       16             1757           947            367            208            23        
Nigeria             15             7       2       6       22             2035           886            444            163            23        
Bulgaria            15             4       10      1       14             2254           776            454            192            22        
Germany             15             6       4       5       19             1965           859            473            185            22        
Slovakia            15             6       3       6       16             1738           913            418            198            21        
Saudi Arabia        15             5       6       4       17             2342           772            460            159            21        
Lithuania           15             5       5       5       14             2361           738            500            169            20        
Australia           15             5       4       6       16             1859           886            441            202            19        
Tunisia             15             5       4       6       18             2319           719            471            169            19        
Costa Rica          15             5       4       6       17             2191           753            499            171            19        
Greece              15             4       5       6       17             1992           807            469            210            17        
Japan               15             3       6       6       14             2143           841            425            180            15        
Canada              15             2       9       4       15             2023           902            415            197            15        
Luxembourg          15             2       8       5       12             1977           809            472            212            14        

Simulation 21 Statistics:
Nigeria             15             8       5       2       27             1839           837            464            178            29        
Greece              15             8       2       5       14             1985           858            421            206            26        
Canada              15             7       5       3       22             1919           884            402            213            26        
Costa Rica          15             5       7       3       17             2165           829            468            174            22        
Bulgaria            15             4       9       2       13             2203           755            464            204            21        
Luxembourg          15             5       6       4       13             1957           895            419            195            21        
Slovakia            15             6       2       7       15             1918           897            422            193            20        
Saudi Arabia        15             5       5       5       16             2201           769            501            184            20        
Romania             15             4       7       4       15             1955           901            462            166            19        
Japan               15             4       7       4       20             2048           775            442            226            19        
Germany             15             6       1       8       18             1989           814            476            169            19        
Paraguay            15             4       6       5       10             1718           975            360            209            18        
Tunisia             15             4       5       6       19             2343           731            522            175            17        
Ireland             15             4       4       7       11             1870           879            393            169            16        
Australia           15             4       3       8       9              1810           910            381            202            15        
Lithuania           15             4       2       9       16             2291           721            496            165            14        

Simulation 22 Statistics:
Tunisia             15             10      4       1       22             2298           703            503            189            34        
Bulgaria            15             8       3       4       20             2117           789            451            189            27        
Australia           15             6       6       3       19             1874           893            465            193            24        
Nigeria             15             6       5       4       12             1959           867            417            181            23        
Costa Rica          15             6       4       5       14             2250           746            476            187            22        
Luxembourg          15             6       4       5       18             2114           801            403            203            22        
Lithuania           15             6       3       6       15             2290           748            485            174            21        
Romania             15             5       6       4       13             2031           840            458            180            21        
Japan               15             6       3       6       19             2168           763            471            199            21        
Saudi Arabia        15             5       5       5       18             2205           779            459            182            20        
Greece              15             5       3       7       11             2114           841            414            228            18        
Canada              15             4       6       5       16             2047           869            431            194            18        
Ireland             15             4       3       8       15             1899           871            460            180            15        
Paraguay            15             3       5       7       9              1781           943            395            187            14        
Germany             15             2       7       6       16             2086           802            475            173            13        
Slovakia            15             3       3       9       9              1928           873            414            207            12        

Simulation 23 Statistics:
Japan               15             9       3       3       19             2153           822            452            198            30        
Slovakia            15             9       2       4       20             1881           863            392            184            29        
Greece              15             8       3       4       21             2046           808            446            174            27        
Nigeria             15             7       5       3       16             1914           903            427            186            26        
Tunisia             15             7       4       4       13             2291           725            458            191            25        
Bulgaria            15             6       5       4       17             2153           796            446            193            23        
Ireland             15             5       6       4       23             1848           882            412            189            21        
Saudi Arabia        15             6       3       6       17             2166           770            463            177            21        
Lithuania           15             6       2       7       20             2242           715            470            183            20        
Paraguay            15             5       4       6       11             1822           975            383            203            19        
Germany             15             6       1       8       18             1910           787            468            170            19        
Costa Rica          15             5       3       7       22             2055           800            463            157            18        
Australia           15             3       5       7       14             1973           871            390            214            14        
Romania             15             2       7       6       17             1981           889            462            176            13        
Luxembourg          15             2       7       6       6              2081           838            424            197            13        
Canada              15             2       4       9       10             2064           862            442            174            10        

Simulation 24 Statistics:
Tunisia             15             9       5       1       25             2411           647            508            192            32        
Japan               15             10      2       3       19             2198           825            428            197            32        
Saudi Arabia        15             9       4       2       22             2214           757            473            188            31        
Costa Rica          15             6       5       4       25             2070           773            456            176            23        
Canada              15             7       2       6       20             1982           867            414            198            23        
Slovakia            15             6       4       5       19             1819           940            398            199            22        
Romania             15             6       3       6       19             1991           890            451            159            21        
Luxembourg          15             5       6       4       14             2091           866            428            199            21        
Lithuania           15             5       5       5       17             2294           759            516            191            20        
Ireland             15             4       7       4       19             1906           870            445            141            19        
Nigeria             15             5       3       7       16             2036           903            396            179            18        
Paraguay            15             2       8       5       9              1805           960            375            197            14        
Greece              15             4       2       9       17             2102           804            417            239            14        
Germany             15             2       7       6       16             2032           805            488            179            13        
Bulgaria            15             3       3       9       15             2183           816            459            200            12        
Australia           15             3       2       10      9              1792           876            443            180            11        

Simulation 25 Statistics:
Saudi Arabia        15             10      2       3       25             2169           796            471            174            32        
Tunisia             15             9       4       2       24             2383           700            541            188            31        
Lithuania           15             8       5       2       24             2184           705            491            180            29        
Japan               15             8       3       4       24             2248           788            486            218            27        
Romania             15             7       4       4       19             2096           897            433            160            25        
Germany             15             7       2       6       25             1991           880            438            164            23        
Ireland             15             7       0       8       18             1817           905            431            177            21        
Australia           15             5       5       5       16             1864           872            447            179            20        
Luxembourg          15             5       5       5       18             2127           859            412            207            20        
Paraguay            15             5       4       6       15             1700           950            413            208            19        
Costa Rica          15             5       3       7       17             2340           814            471            168            18        
Nigeria             15             4       4       7       14             2000           874            457            180            16        
Slovakia            15             4       2       9       12             1786           899            430            198            14        
Bulgaria            15             3       4       8       11             2193           782            471            210            13        
Canada              15             3       4       8       9              2024           901            434            178            13        
Greece              15             3       3       9       9              2068           843            429            183            12        
