Team                Matches Played Wins    Draws   Losses  Goals Scored   Passes         Interceptions  Shots On TargetOff Target     Points    
--------------------------------------------------------------------------------------------------------------------------------------------
Simulation 1 Statistics:
Ireland             15             8       6       1       24             1939           920            434            167            30        
Tunisia             15             8       5       2       25             2415           699            473            193            29        
Australia           15             9       0       6       19             1882           932            420            186            27        
Romania             15             8       2       5       18             1989           888            460            186            26        
Lithuania           15             6       5       4       20             2309           728            445            180            23        
Germany             15             7       2       6       19             2009           839            483            175            23        
Paraguay            15             6       4       5       15             1705           969            400            188            22        
Bulgaria            15             5       6       4       18             2191           751            445            219            21        
Nigeria             15             4       5       6       17             1944           920            449            158            17        
Costa Rica          15             4       5       6       20             2159           796            500            166            17        
Saudi Arabia        15             4       5       6       14             2206           783            461            155            17        
Canada              15             4       4       7       19             1998           913            418            198            16        
Slovakia            15             4       3       8       14             1764           895            403            192            15        
Japan               15             3       6       6       14             2085           792            446            170            15        
Greece              15             3       5       7       17             2140           827            450            202            14        
Luxembourg          15             2       7       6       10             1996           814            420            226            13        

Simulation 2 Statistics:
Australia           15             9       3       3       22             1881           864            437            185            30        
Bulgaria            15             7       5       3       16             2250           799            459            214            26        
Ireland             15             7       5       3       23             1844           924            474            188            26        
Romania             15             7       3       5       14             1914           844            466            154            24        
Costa Rica          15             5       8       2       21             2190           790            449            168            23        
Germany             15             6       5       4       19             1941           874            472            174            23        
Slovakia            15             6       4       5       17             1897           877            417            181            22        
Tunisia             15             6       4       5       19             2320           709            492            188            22        
Saudi Arabia        15             4       7       4       16             2150           773            506            157            19        
Japan               15             5       4       6       9              2156           793            425            217            19        
Nigeria             15             5       3       7       15             1903           858            440            183            18        
Luxembourg          15             5       3       7       17             2094           867            405            187            18        
Lithuania           15             4       5       6       22             2266           690            501            172            17        
Paraguay            15             3       5       7       12             1781           935            450            190            14        
Greece              15             3       5       7       13             2075           862            424            203            14        
Canada              15             1       5       9       14             1933           804            435            192            8         

Simulation 3 Statistics:
Costa Rica          15             8       5       2       25             2190           773            469            165            29        
Ireland             15             8       2       5       20             2045           895            483            152            26        
Lithuania           15             7       4       4       18             2255           753            500            179            25        
Bulgaria            15             6       6       3       21             2184           771            429            214            24        
Luxembourg          15             5       7       3       18             2003           818            429            206            22        
Tunisia             15             5       6       4       12             2333           724            475            197            21        
Saudi Arabia        15             5       5       5       16             2336           810            467            176            20        
Japan               15             5       5       5       18             2082           762            459            210            20        
Germany             15             5       5       5       14             2138           831            455            173            20        
Slovakia            15             6       1       8       15             1925           889            431            199            19        
Australia           15             5       4       6       11             1842           908            433            188            19        
Canada              15             4       6       5       18             2016           912            420            170            18        
Greece              15             4       5       6       11             2018           822            401            221            17        
Paraguay            15             2       8       5       14             1765           932            410            195            14        
Nigeria             15             2       8       5       16             1997           899            438            156            14        
Romania             15             3       3       9       16             2043           880            462            161            12        

Simulation 4 Statistics:
Ireland             15             9       1       5       20             1924           996            448            168            28        
Tunisia             15             7       5       3       21             2404           760            460            186            26        
Japan               15             8       2       5       22             2202           803            444            221            26        
Lithuania           15             6       6       3       15             2300           728            491            178            24        
Saudi Arabia        15             6       5       4       23             2172           790            481            165            23        
Canada              15             6       5       4       17             1880           824            438            204            23        
Paraguay            15             6       4       5       20             1758           943            381            202            22        
Nigeria             15             6       4       5       15             1861           843            466            172            22        
Australia           15             6       4       5       14             1828           871            432            216            22        
Germany             15             5       6       4       17             1940           866            479            157            21        
Romania             15             6       2       7       22             2021           910            455            156            20        
Slovakia            15             5       4       6       13             1900           874            455            185            19        
Costa Rica          15             5       4       6       15             2158           765            500            133            19        
Greece              15             3       4       8       16             2081           860            425            171            13        
Luxembourg          15             3       2       10      11             2021           801            415            209            11        
Bulgaria            15             0       8       7       7              2198           755            472            202            8         

Simulation 5 Statistics:
Tunisia             15             10      3       2       20             2433           716            520            153            33        
Australia           15             8       4       3       10             1854           919            397            185            28        
Germany             15             8       3       4       18             2063           829            485            147            27        
Luxembourg          15             8       3       4       18             2069           847            465            222            27        
Costa Rica          15             7       5       3       22             2133           753            491            183            26        
Japan               15             5       7       3       22             2129           800            480            215            22        
Canada              15             5       5       5       17             1992           824            425            193            20        
Bulgaria            15             5       4       6       18             2108           849            424            210            19        
Greece              15             5       4       6       17             2070           848            399            205            19        
Lithuania           15             5       3       7       13             2318           704            502            194            18        
Romania             15             4       6       5       13             1902           892            442            153            18        
Saudi Arabia        15             5       2       8       16             2080           776            489            161            17        
Slovakia            15             4       3       8       16             1826           916            414            198            15        
Ireland             15             3       5       7       12             1818           900            477            188            14        
Paraguay            15             3       4       8       10             1737           975            388            203            13        
Nigeria             15             3       3       9       9              1934           864            441            170            12        
