Team                Matches Played Wins    Draws   Losses  Goals Scored   Passes         Interceptions  Shots On TargetOff Target     Points    
--------------------------------------------------------------------------------------------------------------------------------------------
Simulation 1 Statistics:
Tunisia             15             9       4       2       31             2366           698            485            181            31        
Lithuania           15             7       5       3       17             2326           719            472            177            26        
Saudi Arabia        15             7       5       3       24             2155           777            491            177            26        
Ireland             15             7       4       4       20             1897           879            470            179            25        
Slovakia            15             7       4       4       22             1991           895            424            176            25        
Paraguay            15             6       4       5       15             1807           943            355            203            22        
Costa Rica          15             6       4       5       19             2285           806            462            172            22        
Australia           15             6       3       6       16             1801           904            426            196            21        
Japan               15             5       5       5       17             2273           814            447            172            20        
Germany             15             4       8       3       16             2044           810            446            192            20        
Luxembourg          15             4       6       5       12             2077           848            355            206            18        
Nigeria             15             3       8       4       18             1932           866            445            185            17        
Bulgaria            15             3       6       6       12             2110           757            451            204            15        
Romania             15             3       4       8       15             2081           890            415            171            13        
Canada              15             1       7       7       6              1847           870            408            181            10        
Greece              15             1       5       9       10             2095           832            407            200            8         

Simulation 2 Statistics:
Costa Rica          15             9       3       3       25             2196           803            514            162            30        
Lithuania           15             8       4       3       19             2107           732            530            161            28        
Greece              15             8       3       4       20             2034           823            448            219            27        
Nigeria             15             7       3       5       18             1997           926            453            205            24        
Tunisia             15             7       3       5       17             2230           766            468            187            24        
Luxembourg          15             7       3       5       16             2050           867            415            213            24        
Romania             15             6       4       5       20             1990           839            450            144            22        
Saudi Arabia        15             5       7       3       22             2050           781            474            167            22        
Japan               15             6       4       5       16             2098           759            425            205            22        
Paraguay            15             5       5       5       15             1718           953            405            209            20        
Germany             15             4       7       4       15             2052           860            469            160            19        
Ireland             15             4       3       8       15             1770           903            421            182            15        
Australia           15             4       2       9       8              1861           876            446            204            14        
Canada              15             4       2       9       22             2005           873            427            212            14        
Bulgaria            15             3       4       8       11             2099           760            442            212            13        
Slovakia            15             1       7       7       8              1897           921            409            199            10        

Simulation 3 Statistics:
Ireland             15             7       5       3       15             1977           934            431            175            26        
Nigeria             15             6       7       2       20             1929           882            451            174            25        
Luxembourg          15             7       4       4       16             1949           803            410            204            25        
Australia           15             7       3       5       14             1834           922            467            200            24        
Bulgaria            15             5       8       2       13             2219           772            461            209            23        
Saudi Arabia        15             6       5       4       16             2226           804            468            164            23        
Germany             15             7       2       6       17             2176           839            458            164            23        
Lithuania           15             6       3       6       16             2240           732            502            170            21        
Japan               15             5       5       5       15             2128           811            428            198            20        
Canada              15             5       5       5       16             1897           862            433            184            20        
Tunisia             15             5       4       6       15             2205           713            496            205            19        
Costa Rica          15             4       7       4       16             2188           767            501            152            19        
Romania             15             3       6       6       6              1924           909            451            172            15        
Greece              15             3       6       6       11             2072           830            444            200            15        
Paraguay            15             2       6       7       10             1821           987            404            194            12        
Slovakia            15             1       6       8       8              1881           890            455            200            9         

Simulation 4 Statistics:
Australia           15             10      3       2       22             1929           912            444            170            33        
Saudi Arabia        15             9       2       4       26             2221           786            498            183            29        
Lithuania           15             8       4       3       24             2298           728            493            154            28        
Bulgaria            15             8       4       3       18             2172           799            460            212            28        
Nigeria             15             6       5       4       18             1905           837            443            186            23        
Costa Rica          15             6       4       5       19             2096           817            447            176            22        
Tunisia             15             6       3       6       18             2262           723            482            179            21        
Japan               15             6       3       6       17             2043           803            455            203            21        
Romania             15             4       5       6       14             1948           855            447            177            17        
Ireland             15             4       5       6       15             1761           905            390            204            17        
Germany             15             4       5       6       19             2079           847            451            178            17        
Luxembourg          15             4       5       6       17             2047           835            435            180            17        
Canada              15             4       5       6       15             2075           860            452            186            17        
Greece              15             3       6       6       14             2185           839            397            190            15        
Paraguay            15             4       2       9       11             1796           938            389            185            14        
Slovakia            15             1       5       9       12             1813           889            393            197            8         

Simulation 5 Statistics:
Saudi Arabia        15             9       5       1       25             2143           763            496            153            32        
Bulgaria            15             9       3       3       22             2195           798            440            208            30        
Tunisia             15             7       6       2       23             2371           707            496            172            27        
Nigeria             15             5       7       3       15             1886           879            397            176            22        
Germany             15             5       7       3       21             1983           793            448            179            22        
Lithuania           15             5       6       4       17             2295           698            491            197            21        
Slovakia            15             6       3       6       17             1873           926            449            179            21        
Romania             15             5       4       6       19             1977           851            445            190            19        
Australia           15             4       5       6       15             1919           913            434            176            17        
Greece              15             3       8       4       14             1996           823            411            200            17        
Japan               15             4       5       6       21             2159           807            432            186            17        
Canada              15             5       2       8       16             1921           868            417            175            17        
Ireland             15             3       7       5       16             1800           892            421            177            16        
Paraguay            15             4       4       7       8              1860           946            407            207            16        
Costa Rica          15             2       8       5       17             2091           733            493            148            14        
Luxembourg          15             2       4       9       14             2004           813            438            207            10        

